26 0.4746729750311475 0.5947712418300652 0.25544707826014496 0.392156862745098
26 0.7568080740421942 0.5217864923747277 0.12581740311386952 0.27233115468409574
26 0.9594225214021306 0.5152505117803939 0.08115495719573831 0.25054472807319866
26 0.12200415247356658 0.514161220043573 0.17538167326637463 0.21350762527233116
26 0.21541394335511985 0.5 0.09531590413943355 0.224400871459695
26 0.33551189153751354 0.49455337690631807 0.1220045393650603 0.20043572984749453
9 0.733932211532084 0.48801742919389973 0.4079525703998855 0.2004357298474945
9 0.0495647025606454 0.46652863930458 0.0991294051212908 0.12259910463098529
36 0.9321897017919221 0.12200435729847495 0.10294149508711263 0.1394335511982571
36 0.0915032679738562 0.2440087145969499 0.08387799564270154 0.07843137254901958
36 0.7873092544001057 0.2069716775599128 0.06481495136475433 0.0915032679738562
